1
70037
25100
50073
30109
50608
50613
30138
50279
50300
3210
3211
3212
79505
1170
1171
1172
50116
50117
50078
50071
50070
50079
50901
50902
50903
14040
14041
14042
14043
14044
14045
50081
28430
28431
28432
28433
28434
28435
28436
28437
28438
28439
28440
28441
28442
28443
50082
290
291
292
30000
30001
30002
30003
30004
30005
30006
30007
30008
30009
30010
30011
30012
30013
30014
30015
30016
30017
30018
30019
30020
30021
30022
30023
30024
30025
30026
30027
30028
30029
30030
30031
30032
30033
30034
30035
30036
30037
30038
30039
30040
30041
30042
30043
30044
30045
30046
30047
30048
30049
30050
30051
30052
30053
30054
30055
30056
30057
30058
30059
30060
30061
30062
30063
30064
30065
30066
30067
30068
30069
30070
30071
30072
30073
30074
30075
30076
30077
30078
30079
30080
30081
30082
30083
30084
30085
30086
30087
30088
30089
30090
30091
30092
30093
30096
30097
30098
30100
30101
30102
30103
30104
30105
30106
50075
30108
50074
30110
30111
50080
30113
30114
30115
30116
30117
30118
30119
30120
50076
50077
30128
30129
30130
30131
30132
30133
30134
30135
30136
30137
50106
30139
30140
30141
30142
30143
30144
30145
30146
30147
30148
30149
30150
30151
30152
30153
30154
30155
30156
30157
30158
30159
30160
30161
30162
30163
30164
30165
30166
30167
30168
50084
30107
50513
50904
50072
50601
